// www.DarksTeam.NET
0	1	"Bull Fighter"		8	120	0	19	26	6	0	30	6	3	0	1	5	400	1600	10	2	130	10	5	0	0	0	0	0
1	1	"Hound"				11	160	0	25	35	9	0	45	9	3	0	1	5	400	1600	10	2	130	10	5	0	0	0	0	0
2	1	"Budge Dragon"		7	80	0	12	17	3	0	20	3	3	0	1	4	400	2000	10	2	120	10	5	0	0	0	0	0
3	1	"Spider"			5	40	0	6	8	1	0	10	1	2	0	1	5	400	1800	10	2	120	10	5	0	0	0	0	0
4	1	"Elite Bull Fighter" 	12	220	0	35	44	12	0	60	12	3	0	1	4	400	1400	10	2	140	12	5	0	0	0	0	0
5	1	"Hell Hound"		40	1400	0	125	130	55	0	190	45	3	0	1	4	400	1200	10	2	190	14	4	0	0	0	0	3
6	1	"Lich"			16	260	40	45	52	14	0	70	14	3	2	4	7	400	2000	10	2	150	12	5	0	0	0	0	1
7	1	"Giant"			19	500	0	60	70	18	0	85	18	2	0	2	3	400	2200	10	2	150	12	5	0	0	0	0	0
8	1	"Poison Bull"		48	2500	0	145	150	75	0	230	61	3	1	1	5	400	1400	10	2	190	14	3	0	6	0	0	0
9	1	"Thunder Lich"		46	2000	0	140	145	70	0	220	55	3	3	4	7	400	2200	10	2	190	14	3	0	0	0	3	0
10	1	"Dark Knight"		50	3000	0	150	155	80	0	240	70	3	0	1	5	400	1400	10	2	200	14	3	0	3	3	3	3
11	1	"Ghost"			34	1000	0	110	115	40	0	160	39	3	0	1	5	400	1400	10	2	190	14	4	0	2	2	2	2
12	1	"Larva"			27	750	0	90	95	31	0	125	31	3	1	1	4	400	1800	10	2	200	14	4	0	0	0	0	0
13	1	"Hell Spider"		42	1600	0	130	135	60	0	200	47	3	11	4	7	400	1600	10	2	190	14	4	0	3	0	0	0
14	1	"Skeleton Warrior" 	19	600	0	70	78	22	0	95	22	2	0	1	4	400	1400	10	2	160	12	5	0	0	0	0	0
15	1	"Skeleton Archer" 	34	1100	0	115	120	45	0	170	41	2	0	5	7	400	2000	10	2	190	14	4	0	0	0	0	0
16	1	"Elike Skeleton" 	42	1800	0	135	140	65	0	210	49	2	0	1	4	400	1600	10	2	190	14	4	0	0	0	0	0
17	1	"Cyclops"		30	850	0	100	105	35	0	140	35	3	0	1	4	400	1600	10	2	170	14	4	0	2	0	0	0
18	1	"Gorgon"		57	6000	0	165	175	100	0	275	82	3	0	1	7	400	1600	150	2	160	14	3	0	6	6	6	6
19	1	"Yeti"			32	900	0	105	110	37	0	150	37	2	17	4	6	400	2000	10	2	180	14	4	0	0	2	0	0
20	1	"Elite Yeti"		38	1200	0	120	125	50	0	180	43	3	0	1	6	400	1400	10	2	180	14	4	0	0	3	0	0
21	1	"Assassin"		28	800	0	95	100	33	0	130	33	2	0	1	7	400	2000	10	2	180	14	4	0	0	0	0	0
22	1	"Ice Monster"		25	650	0	80	85	27	0	110	27	2	7	1	5	400	2000	10	2	170	14	5	0	0	4	0	0
23	1	"Hommerd"		26	700	0	85	90	29	0	120	29	3	0	1	5	400	1600	10	2	170	14	5	0	0	2	0	0
24	1	"Worm"			22	600	0	75	80	25	0	100	25	3	0	1	4	400	1600	10	2	160	14	5	0	0	0	0	0
25	1	"Ice Queen"		54	4000	0	155	165	90	0	260	76	3	11	4	7	400	1400	50	2	180	14	3	0	4	4	4	4
26	1	"Goblin"		6	60	0	9	11	2	0	15	2	2	0	1	4	400	1800	10	2	120	10	5	0	0	0	0	0
27	1	"Chain Scorpion" 	5	100	0	14	20	4	0	25	4	3	0	1	4	400	1800	10	2	120	10	5	0	0	0	0	0
28	1	"Beetle Monster" 	10	180	0	30	40	10	0	50	10	3	0	1	5	400	1600	10	2	140	10	5	0	0	0	0	0
29	1	"Hunter"		15	240	0	40	48	13	0	65	13	3	0	4	4	400	1600	10	2	140	12	5	0	0	0	0	0
30	1	"Forest Monster" 	15	320	0	50	58	15	0	75	15	3	0	1	4	400	1600	10	2	150	12	5	0	0	0	0	0
31	1	"Agon"			18	400	0	55	62	16	0	80	16	2	0	1	4	400	1400	10	2	150	12	5	0	0	0	0	0
32	1	"Stone Golem"		20	550	0	65	74	20	0	90	20	2	0	2	3	400	2200	10	2	160	12	5	0	0	0	0	0
33	1	"Elite Goblin"		10	140	0	22	32	8	0	40	8	3	0	1	5	400	1600	10	2	130	10	5	0	0	0	0	0
34	1	"Cursed Wizard"		56	4000	0	160	170	95	0	270	70	3	3	4	7	400	2000	10	2	200	14	3	0	5	5	5	5
35	1	"Death Gorgon"		66	6000	0	200	210	130	0	320	94	3	150	1	7	400	2000	100	2	180	14	3	0	6	6	6	6
36	1	"Shadow"		49	2800	0	148	153	78	0	235	67	3	0	1	5	400	1400	10	2	200	14	3	0	3	3	3	3
37	1	"Devil"			62	5000	0	180	195	115	0	300	88	3	3	4	7	400	2000	10	2	200	14	3	0	5	5	5	5
38	1	"Balrog"		68	9000	0	220	240	160	0	330	99	3	150	2	7	400	1600	150	2	160	14	3	0	9	7	9	9
39	1	"Poison Shadow"		52	3500	0	155	160	85	0	250	73	3	1	1	5	400	1400	10	2	200	14	3	0	4	4	4	4
40	1	"Death Knight"		64	5500	0	190	200	120	0	310	91	3	0	1	7	400	1800	10	2	200	14	3	0	6	6	6	6
41	1	"Death Cow"		59	4500	0	170	180	110	0	285	85	3	0	1	7	400	1600	10	2	200	14	3	0	5	5	5	5
42	1	"Death Red Dragon" 	129	150000	0	2900	3100	1190	0	1100	1120	2	0	6	7	400	2000	150	2	120	30	4	0	9	7	9	9
43	1	"Gold Budge Dragon" 	15 	2200	0	120	125	45	0	75	30	3	0	1	7	400	1400	600	2	10	10	0	0	2	2	2	2
44	1	"Dragon"		60	15000	0	390	410	320	0	300	88	3	150	2	7	400	1800	100	2	50	10	0	0	9	7	9	9
45	1	"Bahamut"		45	2400	0	130	140	65	0	215	52	2	0	1	4	400	1600	8	2	185	14	3	0	0	0	0	0
46	1	"Vepar"			47	2800	0	135	145	70	0	225	58	3	17	4	7	400	1600	8	2	185	14	3	0	0	0	3	0
47	1	"Valkyrie"		48	3200	0	140	150	75	0	230	64	3	0	5	7	400	1800	8	2	185	14	3	0	6	0	0	0
48	1	"Lizard King"		72	9000	0	240	270	180	0	350	115	3	3	3	7	400	1600	15	2	175	14	3	0	9	7	9	9
49	1	"Hydra"			76	19000	0	250	310	200	0	430	125	3	150	4	7	400	1400	150	2	175	14	3	0	9	7	9	9
50	1	"Sea Worm"      	118	160000	0	1400	1600	770 	0 	1200 	450 	1 	150 	6 	3 	400 	1500 	150 	2 	120 	14 	4 	0 	8 	6 	8 	8
51	1	"Great Bahamut"		68	7000	0	210	230	150	0	330	98	3	0	2	7	400	1600	15	2	175	14	3	0	9	7	9	9
52	1	"Silver Valyrie" 	68	8000	0	230	260	170	0	340	110	3	7	4	7	400	1600	15	2	175	14	3	0	9	7	9	9
53	1	"Taikan"		57	18000	0	170	180	105	0	265	77	3	150	3	7	400	2000	20	2	200	14	3	0	5	5	5	5
54	1	"Soldier"		52	3500	0	140	150	75	0	230	64	3	0	5	7	400	1800	20	2	200	14	3	0	3	3	3	3
55	1	"Death King"		40	7800	0	105	110	37	0	150	37	2	0	2	6	400	1800	20	2	200	14	3	0	2	2	2	2
56	1	"Death Bone"		34	1700	0	85	90	29	0	120	29	3	0	1	5	400	1600	20	2	200	14	4	0	1	1	1	1
57	1	"Iron Wheel"		82	19000	0	300	350	230	0	480	150	3	0	4	7	400	1400	10	2	160	30	3	0	9	7	9	9
58	1	"Tantallos"		85	23000	0	340	410	250	0	490	160	3	150	2	7	400	1400	20	2	160	30	3	0	9	7	9	9
59	1	"Zaikan"		94	34000	0	510	590	400	0	550	185	3	150	5	7	400	1400	150	2	160	30	3	0	9	7	9	9
60	1	"Bloody Wolf"		78	13000	0	260	290	200	0	450	140	3	0	2	7	400	1400	10	2	170	30	3	0	9	7	9	9
61	1	"Vim Knight"		88	27000	0	370	450	270	0	500	170	3	17	4	7	400	1400	20	2	160	30	3	0	9	7	9	9
62	1	"Mutant"		74	12000	0	250	280	190	0	380	130	3	0	1	7	400	1400	10	2	170	30	3	0	9	7	9	9
63	1	"Deathvimknight" 	105	40000	0	590	650	420	0	575	220	3	150	5	7	400	1400	150	2	130	30	3	0	9	7	9	9
64	1	"Orc Archer"		72	10000	0	220	250	170	0	350	96	3	0	4	7	400	1600	10	2	200	14	3	0	5	5	5	5
65	1	"Elite Orc"		76	14000	0	260	290	190	0	400	125	3	150	1	7	400	2000	100	2	180	14	3	0	9	7	9	9
66	1	"Cursed King"		90	38000	0	500	570	350	0	525	180	3	150	4	7	400	1400	70	2	200	30	3	0	9	7	9	9
67	1	"Metal Balrog"		113	86000	0	900	1560	850	0	385	150	3	150	2	7	400	1600	200	2	160	14	3	0	9	7	9	9
68	1	"Molt"         		128	150000	0	2400	2600	970 	0 	1200 	450 	1 	150 	6 	3 	400 	1500 	150 	2 	120 	14 	4 	0 	8 	6 	8 	8
69	1	"Alquamos"		80	16000	0	280	330	220	0	470	175	3	17	5	5	400	1400	10	2	160	14	4	0	9	7	9	9
70	1	"Queen Rainer"		89	29000	0	410	490	300	0	520	210	3	17	3	5	400	1400	10	2	160	14	4	0	9	7	9	9
71	1	"Mega Crust"		85	22000	0	320	370	240	0	495	185	3	0	1	5	400	1400	10	2	160	14	3	0	9	7	9	9
72	1	"Phantom Knight" 	113	48000	0	600	670	450	0	720	275	3	150	2	5	400	1400	30	2	150	14	3	0	9	7	9	9
73	1	"Drakan"		92	35000	0	480	530	360	0	530	255	3	150	5	5	400	1400	20	2	160	14	4	0	9	7	9	9
74	1	"Alpha Crust"		103	38000	0	530	600	410	0	570	265	3	0	1	5	400	1400	10	2	160	14	4	0	9	7	9	9
75	1	"Giant Drakan"		117	57000	0	660	720	500	0	820	290	3	150	5	5	400	1400	30	2	140	14	3	0	9	7	9	9
76	1	"Dark Ph. Shield" 	120	73000	0	850	960	580	0	840	305	3	3	3	5	400	1400	10	2	190	14	3	0	9	7	9	9
77	1	"Dark Phoenix"		127	150000	0	2300	2600	1600	0	950	350	1	150	6	7	400	1500	150	2	120	30	5	0	9	7	9	9
78	1	"Golden Goblin"		25	5100	0	125	130	50	0	100	30	3	0	1	7	400	1400	600	2	10	10	0	0	2	2	2	2
79	1	"Golden Dragon"		90	30000	0	800	850	850	0	450	90	3	200	2	7	400	1800	5	2	50	10	0	0	9	7	9	9
80	1	"Golden Titan"		93	180000	0	410	420	640	0	915	950	3	3	3	7	400	1600	15	2	175	14	3	0	9	7	9	9
81	1	"Golden Soldier" 	71	180000	0	410	420	640	0	915	950	3	17	4	7	400	1600	8	2	185	14	3	0	0	0	3	0
82	1	"Golden Tantal"		125	290000	0	2000	2500	1900	0	1000	1000	3	150	6	7	400	1600	70	2	180	30	3	0	9	7	9	9
83	1	"Golden wheel"		100	290000	0	1700	1710	1500	0	500	500	3	150	6	7	400	1600	70	2	180	30	3	0	9	7	9	9
84	1	"Orc Warrior"		39	1100	0	150	170	65	0	190	45	3	0	1	3	400	2000	10	2	300	200	3	0	0	0	0	0
85	1	"Orc Archer"		43	1400	0	160	180	75	0	210	49	3	0	5	7	400	1600	10	2	300	200	3	0	0	0	0	0
86	1	"Elite Orc"		47	1700	0	170	190	85	0	230	61	3	0	1	3	400	2000	10	2	250	150	3	0	0	0	0	0
87	1	"Spirit Beast"		50	2100	0	180	200	95	0	250	73	3	17	5	7	400	1600	10	2	250	150	3	0	0	0	0	0
88	1	"Spirit Knight"		53	2800	0	190	210	100	0	270	77	3	0	1	3	400	2000	10	2	200	100	3	0	0	0	0	0
89	1	"Spirit Sorcerer" 	57	3700	0	200	220	0	150	200	88	4	150	4	6	400	1600	10	2	150	50	4	0	3	3	3	3
90	1	"Orc Warrior"		56	3500	0	200	270	100	0	250	76	3	0	1	3	400	2000	10	2	300	200	3	0	1	1	1	1
91	1	"Orc Archer"		59	4100	0	210	280	110	0	275	80	3	0	5	7	400	1600	10	2	300	200	3	0	1	1	1	1
92	1	"Elite Orc"		62	5000	0	220	290	125	0	300	88	3	0	1	3	400	2000	10	2	250	150	3	0	1	1	1	1
93	1	"Spirit Beast"		66	6000	0	230	300	130	0	320	95	3	17	5	7	400	1600	10	2	250	150	3	0	1	1	1	1
94	1	"Spirit Knight"		70	7000	0	245	320	170	0	360	110	3	0	1	3	400	2000	10	2	200	100	3	0	1	1	1	1
95	1	"Spirit Sorcerer" 	76	8000	0	250	340	200	0	400	130	4	150	4	6	400	1800	10	2	150	50	4	0	4	4	4	4
96	1	"Orc Warrior"		62	5000	0	260	280	120	0	300	85	3	0	1	3	400	2000	10	2	300	200	3	0	2	2	2	2
97	1	"Orc Archer"		67	6500	0	280	300	130	0	330	93	3	0	5	7	400	1600	10	2	300	200	3	0	2	2	2	2
98	1	"Elite Orc"		72	8000	0	290	320	160	0	360	98	3	0	1	3	400	2000	10	2	250	150	3	0	2	2	2	2
99	1	"Spirit Beast"		76	9500	0	300	340	190	0	400	115	3	17	5	7	400	1600	10	2	250	150	3	0	2	2	2	2
100	1	"Saw Trap"		80	1000	0	400	510	0	0	400	500	0	0	4	1	500	1000	3	1	200	10	0	0	0	0	0	0
101	1	"Skewer Trap"		80	1000	0	410	530	0	0	400	500	0	0	0	1	500	1000	3	1	200	10	0	0	0	0	0	0
102	1	"Fire Trap"		80	1000	0	430	550	0	0	400	500	0	0	2	1	500	1000	3	1	200	10	0	0	0	0	0	0
103	1	"Meteor Trap"		90	1000	0	460	590	0	0	450	500	0	50	0	1	500	1000	3	1	200	10	0	0	0	0	0	0
104	1	"Trap"			2	50	0	500	600	0	0	800	30	0	50	0	1	0	1000	0	0	0	0	0	0	0	0	0	0	
105	1	"Canon Trap"		80	1000	0	200	203	0	0	400	500	0	0	4	2	500	1000	3	1	200	10	0	0	0	0	0	0	
106	1	"Laser Trap"		80	1000	0	150	152	0	0	400	500	0	0	1	1	500	1000	3	1	200	10	0	0	0	0	0	0	
111	1	"Spirit Knight"		80	12000	0	320	360	200	0	440	130	3	0	1	3	400	2000	10	2	200	100	3	0	2	2	2	2
112	1	"Spirit Sorcerer" 	86	15000	0	330	380	250	0	500	180	4	150	4	6	400	1800	10	2	150	50	4	0	5	5	5	5
113	1	"Orc Warrior"		70	7500	0	280	320	160	0	340	98	3	0	1	3	400	2000	10	2	300	200	3	0	4	4	4	4
114	1	"Orc Archer"		76	9500	0	300	340	180	0	380	110	3	0	5	7	400	1600	10	2	300	200	3	0	4	4	4	4
115	1	"Elite Orc"		81	12000	0	320	360	200	0	440	130	3	0	1	3	400	2000	10	2	250	150	3	0	4	4	4	4
116	1	"Spirit Beast"		86	15000	0	350	390	220	0	500	150	3	17	5	7	400	1600	10	2	250	150	3	0	4	4	4	4
117	1	"Spirit Knight"		88	18000	0	370	420	300	0	560	170	3	0	1	3	400	2000	10	2	200	100	3	0	4	4	4	4
118	1	"Spirit Sorcerer" 	90	24000	0	400	450	370	0	640	200	4	150	4	6	400	1800	10	2	150	50	4	0	7	7	7	7
119	1	"Orc Warrior"		76	12000	0	310	370	195	0	380	125	3	0	1	3	400	2000	10	2	300	200	3	0	5	5	5	5
120	1	"Orc Archer"		81	15000	0	340	400	200	0	420	130	3	0	5	7	400	1600	10	2	300	200	3	0	5	5	5	5
121	1	"Elite Orc"		86	19000	0	380	440	230	0	470	175	3	0	1	3	400	2000	10	2	250	150	3	0	5	5	5	5
122	1	"Spirit Beast"		97	23000	0	440	590	310	0	520	190	3	17	5	7	400	1600	10	2	250	150	3	0	5	5	5	5
123	1	"Spirit Knight"		105	26000	0	470	510	420	0	650	200	3	0	1	3	400	2000	10	2	200	100	3	0	5	5	5	5
124	1	"Spirit Sorcerer" 	107	32000	0	500	560	460	0	720	260	4	150	4	6	400	1800	10	2	150	50	4	0	8	8	8	8
125	1	"Orc Warrior"		82	17000	0	360	390	220	0	460	150	3	0	1	3	400	2000	10	2	300	200	3	0	6	6	6	6
126	1	"Orc Archer"		86	20000	0	420	450	280	0	520	160	3	0	5	7	400	1600	10	2	300	200	3	0	6	6	6	6
127	1	"Elite Orc"		97	25000	0	490	520	370	0	580	195	3	0	1	3	400	2000	10	2	250	150	3	0	6	6	6	6
128	1	"Spirit Beast"		105	32000	0	540	600	410	0	660	200	3	17	5	7	400	1600	10	2	250	150	3	0	6	6	6	6
129	1	"Spirit Knight"		107	38000	0	580	640	460	0	720	260	3	0	1	3	400	2000	10	2	200	100	3	0	6	6	6	6
130	1	"Spirit Sorcerer" 	109	47000	0	630	680	510	0	840	280	4	150	4	6	400	1800	10	2	150	50	4	0	9	9	9	9
131	1	"Gate 1"		0	2000	0	0	0	0	0	0	0	0	0	0	0	0	0	0	0	0	0	0	0	9	9	9	9
132	1	"Gate 2"		0	3000	0	0	0	0	0	0	0	0	0	0	0	0	0	0	0	0	0	0	0	9	9	9	9
133	1	"Gate 3"		0	3000	0	0	0	0	0	0	0	0	0	0	0	0	0	0	0	0	0	0	0	9	9	9	9
134	1	"Gate 4"		0	3000	0	0	0	0	0	0	0	0	0	0	0	0	0	0	0	0	0	0	0	9	9	9	9
135	1	"White Wizard"  	103	38000	0	530	600	410	0	570	265	3	0	1	5	400	1400	10	2	160	14	4	0	9	7	9	9
136	1 	"Orc of Destruction"	103	38000	0	530	600	410	0	570	265	3	0	1	5	400	1400	10	2	160	14	4	0	9	7	9	9
137	1	"Orc of Archer"		74	12000	0	220	260	190	0	440	130	3	0	5	5	400	1800	10	2	300	200	3	0	8	8	8	8	
138	1	"BoT DeStRoYeR"		127	950000	0	6200	6300	6000	0	6000	6000	6	0	6	7	400	2000	150	2	120	30	4	0	9	7	9	9
139	1 	"Lobster"	 	113 	90000 	0 	1100 	1200 	670 	0 	1800 	650 	6 	150 	5 	6 	400 	1800 	150 	2 	120 	14 	4 	0 	8 	6 	8 	8
140	1 	"Illusion of KUN" 	127 	160000	0 	2500 	2700 	870 	0 	1800 	650 	6 	150 	5 	6 	400 	1800 	100 	2 	120 	14 	4 	0 	8 	6 	8 	8
141	1	"Aegis" 		120	110000 	0 	1800 	2100 	770 	0 	1800 	650 	6 	150 	5 	6 	400 	1800 	100 	2 	120 	14 	4 	0 	8 	6 	8 	8
142	1	"Bloody Soldier" 	123 	130000 	0 	1480 	1680 	780 	0 	1800 	650 	6 	150 	5 	6 	400 	1800 	100 	2 	120 	14 	4 	0 	8 	6 	8 	8
143	1	"Spirit Sorcerer"	102	55000	0	560	600	550	0	870	310	4	150	4	6	400	1800	10	2	150	50	4	0	10	10	10	10
144	1	"Death Angel"		24	740	0	80	87	30	0	100	24	3	17	6	7	500	1500	10	2	160	0	3	0	11	11	11	11	
145	1	"Death Centurion"	33	1250	0	110	117	50	0	145	39	3	17	6	7	500	1500	10	2	160	0	3	0	13	13	13	13	
146	1	"Blood Soldier"		21	600	0	70	77	25	0	88	20	3	17	6	7	500	1500	10	2	180	0	3	0	10	10	10	10	
147	1	"Aegis"			17	440	0	55	62	17	0	75	17	3	17	1	7	500	1500	10	2	180	0	3	0	8	8	8	8	
148	1	"Lord Centurion"	19	500	0	60	67	20	0	80	18	3	17	2	5	500	1500	10	2	180	0	3	0	9	9	9	9	
149	1	"Necron"		28	900	0	95	102	38	0	118	30	3	17	2	5	500	1500	10	2	160	0	3	0	12	12	12	12	
150	1	"Bali"			85	65000	0	465	700	500	0	260	75	3	0	1	7	400	1600	100	2	160	10	3	0	6	6	6	6
151	1	"Soldier"		44	10000	0	145	180	250	0	290	86	3	0	4	7	400	1600	100	2	160	10	3	0	6	6	6	6
200	1	"Some Trap"		12	1000	0	450	500	0	0	60	500	0	0	4	1	500	1000	3	1	200	10	0	0	0	0	0	0
230 	1	"Alex"			93	180000	0	410	420	640	0	915	950	3	3	3	7	400	1600	15	2	175	14	3	0	9	7	9	9
231	1	"Thompson Kenel"	2	50	0	15	30	70	20	10	30	0	0	0	5	400	1500	10	0	200	10	0	0	0	0	0	0	
232	1	"Hurt Angel"		2	50	0	15	30	70	20	10	30	0	0	0	5	400	1500	10	0	200	10	0	0	0	0	0	0
233	1	"Hurt Angel"		2	50	0	15	30	70	20	10	30	0	0	0	5	400	1500	10	0	200	10	0	0	0	0	0	0
234	1	"Goblin Gatekeeper" 	2	50	0	15	30	70	20	10	30	0	0	0	5	400	1500	10	0	200	10	0	0	0	0	0	0
235	1	"Priest Sevina"		2	50	0	15	30	70	20	10	30	0	0	0	5	400	1500	10	0	200	10	0	0	0	0	0	0
236	1	"Golden Archer"		2	50	0	15	30	70	20	10	30	0	0	0	5	400	1500	10	0	200	10	0	0	0	0	0	0
237	1	"Charon"		2	50	0	15	30	70	20	10	30	0	0	0	5	400	1500	10	0	200	10	0	0	0	0	0	0
238	1	"Chaos Goblin"		2	50	0	15	30	70	20	10	30	0	0	0	5	400	1500	10	0	200	10	0	0	0	0	0	0
239	1	"Stadium Guard"		2	50	0	15	30	70	20	10	30	0	0	0	5	400	1500	10	0	200	10	0	0	0	0	0	0
240	1	"Vault Keeper"		2	50	0	15	30	70	20	10	30	0	0	0	5	400	1500	10	0	200	10	0	0	0	0	0	0
241	1	"Guild Master"		2	50	0	15	30	70	20	10	30	0	0	0	5	400	1500	10	0	200	10	0	0	0	0	0	0
242	1	"Lala the Elf"		2	50	0	15	30	70	20	10	30	0	0	0	5	400	1500	10	0	200	10	0	0	0	0	0	0
243	1	"Craftsman"		2	50	0	15	30	70	20	10	30	0	0	0	5	400	1500	10	0	200	10	0	0	0	0	0	0
244	1	"Barmaid"		2	50	0	15	30	70	20	10	30	0	0	0	5	400	1500	10	0	200	10	0	0	0	0	0	0
245	1	"Wizard"		2	50	0	15	30	70	20	10	30	0	0	0	5	400	1500	10	0	200	10	0	0	0	0	0	0
246	1	"Weapon Merchant" 	20	1000	0	15	30	70	0	100	30	0	0	0	5	400	1500	10	0	200	10	0	0	0	0	0	0
247	1	"Guardia"		50	1000	0	900	920	970	20	250	100	0	0	0	99	400	1500	2000	1	200	10	0	0	0	0	0	0
248	1	"Peddler"		20	1000	0	15	30	70	0	100	30	0	0	0	5	400	1500	10	0	200	10	0	0	0	0	0	0
249	1	"Guardia"		50	1000	0	900	920	970	20	450	500	2	0	0	99	400	1500	2000	1	200	10	0	0	0	0	0	0
250	1	"Peddler"		20	1000	0	15	30	70	20	100	30	0	0	0	5	400	1000	10	0	200	10	0	0	0	0	0	0
251	1	"Blacksmith"		20	1000	0	15	30	70	20	100	30	0	0	0	5	400	1500	10	0	200	10	0	0	0	0	0	0
252	1	"--------"		2	50	0	15	30	70	20	10	30	0	0	2	5	400	1000	10	0	200	10	0	0	0	0	0	0
253	1	"Potion Girl"		2	50	0	15	30	70	20	10	30	0	0	0	5	400	1500	10	0	200	10	0	0	0	0	0	0
254	1	"Pasi the Wizard" 	2	50	0	15	30	70	20	10	30	0	0	0	5	400	1500	10	0	200	10	0	0	0	0	0	0
255	1	"Liaman the Barmaid" 	2	50	0	15	30	70	20	10	30	0	0	0	5	400	1500	10	0	200	10	0	0	0	0	0	0
end
